423
336
454
237
162
404
065
441
177
440
057
404
126
404
100
404
125
442
052
441
177
240
441
176
403
277
441
174
403
277
162
440
006
404
125
404
126
164
440
005
402
121
441
177
404
065
164
777
014
440
000
404
101
415
040
431
122
404
125
431
161
404
101
164
404
065
164
431
131
162
440
010
402
121
405
001
441
160
404
100
441
160
404
125
404
126
441
175
441
160
431
122
402
141
440
012
404
065
441
174
404
126
164
777
014
440
003
404
125
404
065
405
001
440
002
441
176
404
076
240
431
161
404
126
431
131
404
125
441
177
415
040
441
176
240
164
404
065
441
177
404
100
454
237
162
440
006
012
404
126
431
122
403
362
404
126
405
001
404
126
405
001
431
131
431
122
164
440
006
431
131
164
440
006
441
174
404
060
142
415
040
162
404
065
440
057
404
065
164
440
012
441
176
404
076
441
174
415
040
162
431
161
440
000
441
177
402
121
402
141
431
122
402
121
440
007
402
121
441
174
404
126
161
431
131
404
060
777
016
440
007
125
164
440
003
404
065
431
122
404
126
441
177
440
011
402
121
405
001
440
012
441
177
404
126
431
122
441
160
441
177
440
001
442
301
431
161
431
122
404
126
402
121
441
177
440
032
440
012
161
431
131
404
126
404
125
440
005
012
431
122
403
277
404
125
164
162
431
131
405
001
440
000
404
065
441
171
431
161
162
403
362
441
160
164
402
121
164
404
126
454
237
431
122
440
137
431
131
441
174
441
174
402
121
441
177
403
362
404
076
440
007
441
174
404
060
142
403
277
162
441
160
404
125
440
057
431
122
404
126
404
125
441
160
440
137
431
131
164
440
002
402
121
441
174
441
160
161
431
131
441
160
404
100
440
137
431
161
454
255
440
012
431
161
404
060
440
006
404
101
403
277
441
177
441
177
404
076
405
001
403
277
440
137
441
175
415
040
431
122
404
125
404
065
161
431
131
404
060
164
440
044
440
003
012
425
352
431
131
404
126
404
125
440
011
402
121
431
131
164
404
065
240
404
126
162
431
131
162
404
065
440
007
441
176
415
040
441
174
415
040
162
440
002
441
160
431
122
240
162
431
161
404
100
162
431
161
404
273
404
065
431
122
405
001
404
065
162
404
126
164
440
137
404
126
431
122
440
007
442
301
403
277
441
174
431
131
404
100
164
402
121
164
404
065
440
007
442
050
404
065
441
174
404
126
164
440
001
404
065
404
125
404
125
431
161
440
001
403
362
441
160
441
174
441
174
431
131
441
177
440
001
405
001
403
277
441
174
403
277
162
404
065
440
007
404
065
431
131
440
010
012
146
431
131
402
141
404
126
402
121
164
240
431
122
431
131
441
174
441
174
404
060
440
012
404
100
402
121
162
441
160
404
060
164
442
052
162
777
016
440
006
403
225
441
171
403
362
431
161
454
243
164
404
065
431
131
162
440
007
404
125
404
126
431
122
164
440
005
403
277
404
101
403
362
402
121
431
161
441
175
404
060
164
440
001
403
362
442
052
454
243
404
126
441
176
402
121
164
404
060
164
440
005
431
122
454
237
431
122
440
011
454
243
162
415
040
404
126
441
176
431
161
431
122
164
777
014
440
005
404
125
431
131
431
122
164
440
007
441
160
431
122
440
011
012
404
101
431
131
441
174
404
100
404
060
440
002
161
431
131
441
160
440
011
404
076
146
146
404
126
441
175
404
126
402
121
440
007
405
001
404
065
404
125
404
065
162
431
131
431
122
164
440
011
441
177
404
076
441
174
441
174
441
160
164
240
402
121
431
122
404
126
441
177
240
404
126
441
176
440
001
404
065
404
125
164
440
010
441
174
402
121
142
454
237
162
442
052
441
177
440
044
012
012
403
244
404
273
431
161
240
146
441
174
402
121
402
141
440
010
441
160
404
125
426
354
440
000
404
005
403
225
441
155
454
244
404
036
403
235
777
133
403
221
777
077
405
014
423
241
454
236
125
403
241
402
315
404
036
425
264
446
212
403
235
441
140
403
235
403
225
402
315
404
022
441
140
403
244
423
332
402
315
441
140
423
332
777
077
404
041
423
252
441
154
441
154
423
254
441
156
402
315
403
235
404
036
403
235
404
025
403
244
776
134
012
012
403
235
423
364
777
033
240
403
241
441
174
404
065
402
121
404
125
404
065
440
010
404
125
404
065
431
122
441
176
440
003
164
404
273
404
065
440
004
146
441
174
402
121
402
141
440
003
404
126
431
122
440
011
431
122
454
237
162
441
177
402
121
441
174
440
011
404
020
423
332
403
371
404
006
441
140
440
002
403
362
404
076
405
001
404
065
440
010
776
024
776
132
012
